75095
86798
15924
10854
79087
94841
14921
96130
65855
4478
61869
7966
55990
45144
26364
53795
36187
67692
22576
80481
44574
79323
63493
78506
45735
76924
33203
31337
67315
69074
89855
50482
46419
467
36591
15789
77977
14397
47147
13620
51770
19746
78688
99933
86061
30236
44481
73580
72363
8842
94204
42491
21234
89210
12455
61256
84872
62283
10705
98252
84870
54330
78380
97634
46839
46944
21719
23073
57881
67932
99694
23049
16352
40631
14423
56841
96902
46768
54837
72856
77219
20001
19908
97898
75958
49710
21207
48619
96308
98895
31404
79155
48783
42845
74559
57275
74319
19436
45054
23484
10042
28912
28416
61863
81401
80438
40222
72758
92940
42073
79276
28196
55200
65213
18135
19858
36952
55470
62252
19407
14612
90924
15801
82714
63556
75189
45960
17522
1
63994
68174
89453
22075
70974
2607
40877
17339
33740
27558
1774
5727
70128
93617
4101
43366
3332
37940
41008
32969
77785
79275
61904
37441
35983
28348
24145
73164
73280
87746
33183
26145
68886
33194
81191
25620
97549
23777
87885
49942
5472
17770
42590
14170
14337
66126
71081
19890
522
62141
2775
26106
31102
15286
76203
38624
24512
37503
90947
69825
7907
89033
53330
30289
27766
82226
18523
82838
89933
57509
20879
22104
80397
25259
10533
79375
9026
3057
90664
19420
16701
66638
9066
70221
98685
31692
27475
25493
63712
856
38797
40952
45828
50523
57990
30158
48958
11449
48671
70715
34280
1486
45421
87146
43360
78217
92661
94642
31762
4243
58489
35808
85429
82372
69600
26040
42448
26998
11074
76777
26122
35629
62600
85331
53660
14673
6948
244
83637
12252
275
13012
17949
42060
46374
9014
75314
43017
68568
92410
81012
86629
5378
1906
46711
51246
57323
93280
22450
16737
52848
56953
52667
78866
61316
62875
86511
25520
96384
98139
47752
76184
13601
71864
5756
31141
56256
38554
76690
33859
51766
34494
85461
70278
53638
42324
25433
41807
23982
37750
66539
94594
39679
44577
91667
68628
1239
39918
55647
95103
86295
22177
53542
96200
75514
83623
51264
72526
25207
63556
82173
17528
9980
52045
18232
69402
46834
46344
85136
2379
2995
10715
82458
66136
8931
84053
8323
87292
89832
39031
83050
10063
59236
32315
17263
52097
56963
47238
79337
46331
79224
55440
89727
43990
36483
95548
41544
72608
16820
93598
39920
53837
69121
81642
44753
57330
9266
53111
362
13192
2970
97685
33
58829
66913
76815
19548
84282
15627
80065
90821
16035
71918
97534
48532
20733
28065
59975
52327
59423
48038
65926
5046
60490
40653
32539
29942
66298
24060
23893
65574
90468
83629
69938
39582
26001
61806
11477
68648
95984
86349
92326
93879
75825
24385
10561
39886
26040
66987
77858
26382
33253
34848
42866
7642
33736
94215
36618
66458
61362
68718
83923
19402
26629
43057
67793
31571
27079
36334
10641
72699
47599
81395
45021
41944
44092
29318
40655
83884
54154
10469
13370
40520
8524
53836
1666
48230
66685
71051
73892
60297
24409
86238
15974
96004
8432
77978
20570
24071
2718
16596
77796
87352
79650
443
15654
45054
56844
24854
20092
78449
63332
94251
95017
25082
9271
39206
25855
19109
12653
99518
60516
73900
54390
28279
8640
29080
13909
6382
73542
96570
95104
26124
86594
72440
98500
28903
98355
21568
47936
79503
80319
68870
73861
58354
89654
61006
86631
61702
54677
55734
9313
14548
59939
50321
10470
94701
63570
88421
39053
22519
374
9129
64092
98666
39202
84642
50097
61287
5585
36773
40803
58937
67532
28394
92446
45955
58145
35733
71752
47503
58397
13259
10286
17635
33123
64143
19606
24240
67153
77765
19671
16657
57698
37453
66471
95407
45279
31429
50414
51816
63294
62342
89408
96177
56829
57291
28505
86333
51678
90999
99722
37866
28780
48589
17652
42210
85919
33402
74959
60519
93052
96441
39523
56995
9542
84218
33605
2902
59604
69849
30419
28206
87140
9711
57756
2753
91507
3812
38915
76952
39065
17964
4665
74409
3561
87428
14400
26119
95511
29962
36733
7251
60800
48770
62492
7509
45365
53679
94828
30882
3391
42070
48046
66639
62966
82501
93857
71541
48076
83430
75376
82499
95841
36568
40433
6939
82979
4543
84584
61179
98710
70485
19070
46948
79931
66117
4357
45998
55917
82876
86242
80877
80601
8400
21213
12232
60836
34609
89405
36277
77584
20789
40397
53918
27170
94558
99321
40072
4966
16526
1662
99939
53194
52882
68651
43005
28975
42416
33068
9756
40224
65907
77101
75800
72837
79997
20488
67772
69518
96323
83006
64652
74293
5071
13354
60395
7243
62162
56171
26811
44568
62039
25497
16031
91581
57729
24919
48338
24554
78255
38163
9005
17288
16030
77643
95568
76496
39761
6891
37467
33222
22839
84280
37389
2780
71923
64183
29172
85231
48158
95903
1652
70163
48346
32719
18022
82955
27636
80865
17321
55155
78989
81137
34723
68139
25961
48932
13186
29901
15276
28798
59625
21234
9951
15582
24639
75183
796
97182
56693
91916
59213
43098
6359
29380
77498
22951
46380
33356
53614
48451
38672
7080
76420
83082
50164
95862
22652
18607
87596
30600
36308
28133
18819
10873
32802
96092
18788
76730
49828
54848
55187
80418
63623
55544
19558
15749
54352
32028
45257
69196
96619
58255
34231
77401
62799
51351
49732
88131
77712
65009
91127
93975
26591
29205
55445
60026
58600
90475
92509
26682
90943
23465
61963
43443
6768
85417
95933
22928
29375
90931
33362
40800
86774
47971
3625
20047
52918
99079
87025
29927
81682
25292
36313
53006
28288
60279
56465
31950
94645
20090
37822
88964
15641
63059
22382
94398
9249
19418
87526
13173
55282
52324
37834
94266
96925
109
78040
88654
38624
45801
67995
59088
40499
39908
81343
31408
15829
69318
56437
84928
50550
37627
50542
34020
50252
73589
11279
17513
50
79568
3459
2360
62271
97562
59801
48673
58189
53216
62836
78932
91560
52152
46087
81721
89841
85354
65483
22826
14729
37755
59377
22480
93266
32589
77773
99869
27185
69117
91442
49624
876
9334
62270
39668
8392
47797
39670
97059
95165
92401
41593
16598
5789
92920
33919
66437
84304
5387
9494
14548
31455
59815
95533
60919
40860
10089
76904
58255
25691
62583
42193
65131
44534
81820
85165
60105
13283
49001
31576
16778
30192
67881
57884
84070
93071
17611
8566
37751
88758
937
39434
63964
38013
87594
58162
44524
10678
8937
88465
